1 8.200000 7.400000 10.300000 11.000000 1 3
2 8.600000 5.600000 8.900000 11.400000 0 3
3 7.000000 6.200000 9.900000 10.900000 0 3
4 9.200000 5.200000 8.600000 11.700000 1 3
5 10.400000 5.000000 7.400000 11.400000 0 3
6 8.200000 6.200000 11.400000 10.100000 0 3
7 6.200000 6.800000 10.700000 10.700000 1 3
8 11.400000 6.400000 6.600000 10.600000 1 3
9 8.200000 5.600000 9.300000 10.400000 0 3
10 10.200000 7.600000 8.000000 9.100000 0 3
11 8.600000 5.200000 11.700000 11.500000 0 3
12 5.600000 5.400000 9.900000 10.200000 0 3
13 8.400000 4.400000 9.200000 11.800000 1 3
14 8.200000 6.200000 9.600000 11.200000 0 3
15 9.800000 7.000000 8.800000 9.800000 0 3
16 8.000000 6.600000 10.200000 10.700000 0 3
17 9.800000 7.200000 10.000000 10.700000 0 3
18 6.000000 5.800000 10.600000 10.400000 0 3
19 8.600000 4.600000 10.000000 11.300000 0 3
20 7.200000 8.000000 8.100000 10.500000 1 3
21 6.400000 5.400000 11.000000 11.300000 1 3
22 5.600000 7.800000 10.700000 10.300000 0 3
23 5.600000 4.400000 10.300000 11.500000 0 3
24 10.000000 7.600000 8.100000 11.400000 0 3
25 10.200000 5.000000 10.700000 10.500000 1 3
26 8.000000 6.600000 6.300000 10.900000 0 3
27 7.000000 7.200000 9.300000 11.000000 0 3
28 5.800000 5.600000 9.100000 11.100000 0 3
29 5.400000 7.600000 10.800000 10.100000 0 3
30 10.200000 7.400000 8.200000 10.800000 0 3
31 8.600000 7.600000 11.500000 11.300000 0 3
32 8.200000 6.800000 10.100000 11.300000 1 3
33 5.800000 6.400000 10.100000 10.800000 1 3
34 7.800000 7.600000 9.300000 10.700000 0 3
35 7.200000 6.000000 9.800000 10.500000 1 3
36 8.400000 10.000000 9.400000 8.600000 1 3
37 5.800000 9.600000 9.100000 7.200000 0 3
38 7.000000 7.600000 10.500000 10.400000 1 3
39 6.000000 5.600000 11.400000 11.300000 0 3
