1 7.400000 7.600000 9.000000 8.400000 0 3
2 9.800000 5.800000 9.200000 9.600000 1 3
3 8.800000 6.000000 9.300000 10.500000 0 3
4 7.600000 5.600000 9.700000 11.600000 1 3
5 7.600000 6.800000 8.900000 10.700000 0 3
6 7.200000 5.400000 9.500000 11.100000 0 3
7 7.600000 8.400000 9.000000 9.400000 1 3
8 9.000000 7.800000 11.300000 8.600000 0 3
9 8.000000 6.600000 9.900000 10.600000 1 3
10 7.000000 7.400000 10.100000 11.200000 0 3
11 8.600000 5.600000 10.000000 11.100000 0 3
12 7.400000 7.800000 8.700000 11.400000 0 3
13 9.400000 7.400000 8.200000 11.500000 1 3
14 7.800000 6.200000 6.400000 9.900000 1 3
15 9.000000 7.600000 9.600000 9.200000 0 3
16 9.000000 7.400000 7.300000 11.000000 1 3
17 7.800000 5.800000 6.300000 10.900000 0 3
18 11.000000 9.000000 8.100000 11.200000 0 3
19 7.600000 5.800000 9.000000 10.600000 1 3
20 10.000000 7.600000 9.200000 10.200000 0 3
21 7.400000 7.000000 11.000000 10.500000 1 3
22 8.000000 6.600000 8.500000 11.100000 0 3
23 8.000000 7.000000 10.100000 11.400000 0 2
24 7.400000 6.800000 9.900000 10.800000 0 3
25 6.600000 7.600000 5.000000 10.500000 1 3
26 9.600000 9.600000 3.900000 7.300000 0 3
27 8.400000 6.000000 5.800000 11.300000 0 3
28 10.200000 6.000000 3.600000 11.700000 0 3
