   1.9333333e+00   1.9333333e+00   1.9333333e+00   1.9333333e+00
   0.0000000e+00   0.0000000e+00   0.0000000e+00   0.0000000e+00
   4.0000000e-01   4.0000000e-01   4.0000000e-01   4.0000000e-01
   3.0000000e+00   3.0000000e+00   3.0000000e+00   3.0000000e+00
   1.4000000e+00   1.4000000e+00   1.4000000e+00   1.4000000e+00
   4.0666667e+00   4.0666667e+00   4.0666667e+00   4.0666667e+00
   3.9333333e+00   3.9333333e+00   3.9333333e+00   3.9333333e+00
   3.3333333e-01   3.3333333e-01   3.3333333e-01   3.3333333e-01
   1.4000000e+00   1.4000000e+00   1.4000000e+00   1.4000000e+00
   0.0000000e+00   0.0000000e+00   0.0000000e+00   0.0000000e+00
   1.4000000e+00   1.4000000e+00   1.4000000e+00   1.4000000e+00
   4.0000000e-01   4.0000000e-01   4.0000000e-01   4.0000000e-01
   2.3333333e+00   2.3333333e+00   2.3333333e+00   2.3333333e+00
   5.2666667e+00   5.2666667e+00   5.2666667e+00   5.2666667e+00
   2.8666667e+00   2.8666667e+00   2.8666667e+00   2.8666667e+00
   1.9333333e+00   1.9333333e+00   1.9333333e+00   1.9333333e+00
   6.6666667e-01   6.6666667e-01   6.6666667e-01   6.6666667e-01
   6.6666667e-01   6.6666667e-01   6.6666667e-01   6.6666667e-01
   1.4000000e+00   1.4000000e+00   1.4000000e+00   1.4000000e+00
   1.6000000e+00   1.6000000e+00   1.6000000e+00   1.6000000e+00
   2.7333333e+00   2.7333333e+00   2.7333333e+00   2.7333333e+00
   1.6000000e+00   1.6000000e+00   1.6000000e+00   1.6000000e+00
   3.8000000e+00   3.8000000e+00   3.8000000e+00   3.8000000e+00
   1.3333333e+00   1.3333333e+00   1.3333333e+00   1.3333333e+00
   3.9333333e+00   3.9333333e+00   3.9333333e+00   3.9333333e+00
   0.0000000e+00   0.0000000e+00   0.0000000e+00   0.0000000e+00
   1.8666667e+00   1.8666667e+00   1.8666667e+00   1.8666667e+00
   2.0000000e-01   2.0000000e-01   2.0000000e-01   2.0000000e-01
   2.2666667e+00   2.2666667e+00   2.2666667e+00   2.2666667e+00
   6.4000000e+00   6.4000000e+00   6.4000000e+00   6.4000000e+00
   3.3333333e+00   3.3333333e+00   3.3333333e+00   3.3333333e+00
   4.2000000e+00   4.2000000e+00   4.2000000e+00   4.2000000e+00
   2.0666667e+00   2.0666667e+00   2.0666667e+00   2.0666667e+00
   6.6666667e-02   6.6666667e-02   6.6666667e-02   6.6666667e-02
   3.3333333e-01   3.3333333e-01   3.3333333e-01   3.3333333e-01
   1.6000000e+00   1.6000000e+00   1.6000000e+00   1.6000000e+00
   2.0000000e-01   2.0000000e-01   2.0000000e-01   2.0000000e-01
   4.2666667e+00   4.2666667e+00   4.2666667e+00   4.2666667e+00
   2.0000000e+00   2.0000000e+00   2.0000000e+00   2.0000000e+00
   3.2000000e+00   3.2000000e+00   3.2000000e+00   3.2000000e+00
   3.0666667e+00   3.0666667e+00   3.0666667e+00   3.0666667e+00
   2.5333333e+00   2.5333333e+00   2.5333333e+00   2.5333333e+00
   0.0000000e+00   0.0000000e+00   0.0000000e+00   0.0000000e+00
   0.0000000e+00   0.0000000e+00   0.0000000e+00   0.0000000e+00
   8.0000000e-01   8.0000000e-01   8.0000000e-01   8.0000000e-01
   4.3333333e+00   4.3333333e+00   4.3333333e+00   4.3333333e+00
   3.3333333e-01   3.3333333e-01   3.3333333e-01   3.3333333e-01
   0.0000000e+00   0.0000000e+00   0.0000000e+00   0.0000000e+00
   0.0000000e+00   0.0000000e+00   0.0000000e+00   0.0000000e+00
   6.6666667e-02   6.6666667e-02   6.6666667e-02   6.6666667e-02
   0.0000000e+00   0.0000000e+00   0.0000000e+00   0.0000000e+00
   0.0000000e+00   0.0000000e+00   0.0000000e+00   0.0000000e+00
   2.0000000e-01   2.0000000e-01   2.0000000e-01   2.0000000e-01
   1.3333333e-01   1.3333333e-01   1.3333333e-01   1.3333333e-01
   6.6666667e-02   6.6666667e-02   6.6666667e-02   6.6666667e-02
   5.3333333e-01   5.3333333e-01   5.3333333e-01   5.3333333e-01
   0.0000000e+00   0.0000000e+00   0.0000000e+00   0.0000000e+00
   1.5333333e+00   1.5333333e+00   1.5333333e+00   1.5333333e+00
   1.6000000e+00   1.6000000e+00   1.6000000e+00   1.6000000e+00
   5.8000000e+00   5.8000000e+00   5.8000000e+00   5.8000000e+00
   4.0000000e+00   4.0000000e+00   4.0000000e+00   4.0000000e+00
   1.4000000e+00   1.4000000e+00   1.4000000e+00   1.4000000e+00
   2.1333333e+00   2.1333333e+00   2.1333333e+00   2.1333333e+00
   8.0000000e-01   8.0000000e-01   8.0000000e-01   8.0000000e-01
   1.4666667e+00   1.4666667e+00   1.4666667e+00   1.4666667e+00
   1.5333333e+00   1.5333333e+00   1.5333333e+00   1.5333333e+00
   3.7333333e+00   3.7333333e+00   3.7333333e+00   3.7333333e+00
   1.5333333e+00   1.5333333e+00   1.5333333e+00   1.5333333e+00
   1.7333333e+00   1.7333333e+00   1.7333333e+00   1.7333333e+00
   3.2666667e+00   3.2666667e+00   3.2666667e+00   3.2666667e+00
   4.8000000e+00   4.8000000e+00   4.8000000e+00   4.8000000e+00
   2.7333333e+00   2.7333333e+00   2.7333333e+00   2.7333333e+00
   2.4000000e+00   2.4000000e+00   2.4000000e+00   2.4000000e+00
   0.0000000e+00   0.0000000e+00   0.0000000e+00   0.0000000e+00
   0.0000000e+00   0.0000000e+00   0.0000000e+00   0.0000000e+00
   0.0000000e+00   0.0000000e+00   0.0000000e+00   0.0000000e+00
   0.0000000e+00   0.0000000e+00   0.0000000e+00   0.0000000e+00
   0.0000000e+00   0.0000000e+00   0.0000000e+00   0.0000000e+00
   0.0000000e+00   0.0000000e+00   0.0000000e+00   0.0000000e+00
   6.6666667e-02   6.6666667e-02   6.6666667e-02   6.6666667e-02
   0.0000000e+00   0.0000000e+00   0.0000000e+00   0.0000000e+00
   0.0000000e+00   0.0000000e+00   0.0000000e+00   0.0000000e+00
   2.8000000e+00   2.8000000e+00   2.8000000e+00   2.8000000e+00
   0.0000000e+00   0.0000000e+00   0.0000000e+00   0.0000000e+00
   2.8666667e+00   2.8666667e+00   2.8666667e+00   2.8666667e+00
   0.0000000e+00   0.0000000e+00   0.0000000e+00   0.0000000e+00
   0.0000000e+00   0.0000000e+00   0.0000000e+00   0.0000000e+00
   0.0000000e+00   0.0000000e+00   0.0000000e+00   0.0000000e+00
   0.0000000e+00   0.0000000e+00   0.0000000e+00   0.0000000e+00
   3.2666667e+00   3.2666667e+00   3.2666667e+00   3.2666667e+00
   4.0666667e+00   4.0666667e+00   4.0666667e+00   4.0666667e+00
   3.2666667e+00   3.2666667e+00   3.2666667e+00   3.2666667e+00
   3.3333333e+00   3.3333333e+00   3.3333333e+00   3.3333333e+00
   1.4000000e+00   1.4000000e+00   1.4000000e+00   1.4000000e+00
   3.6666667e+00   3.6666667e+00   3.6666667e+00   3.6666667e+00
   3.4666667e+00   3.4666667e+00   3.4666667e+00   3.4666667e+00
   5.5333333e+00   5.5333333e+00   5.5333333e+00   5.5333333e+00
   1.2666667e+00   1.2666667e+00   1.2666667e+00   1.2666667e+00
   8.6666667e-01   8.6666667e-01   8.6666667e-01   8.6666667e-01
   6.4000000e+00   6.4000000e+00   6.4000000e+00   6.4000000e+00
   1.4000000e+00   1.4000000e+00   1.4000000e+00   1.4000000e+00
   2.7333333e+00   2.7333333e+00   2.7333333e+00   2.7333333e+00
   2.6666667e-01   2.6666667e-01   2.6666667e-01   2.6666667e-01
   2.6666667e+00   2.6666667e+00   2.6666667e+00   2.6666667e+00
   2.4666667e+00   2.4666667e+00   2.4666667e+00   2.4666667e+00
   0.0000000e+00   0.0000000e+00   0.0000000e+00   0.0000000e+00
   0.0000000e+00   0.0000000e+00   0.0000000e+00   0.0000000e+00
   5.3333333e-01   5.3333333e-01   5.3333333e-01   5.3333333e-01
   5.3333333e-01   5.3333333e-01   5.3333333e-01   5.3333333e-01
   0.0000000e+00   0.0000000e+00   0.0000000e+00   0.0000000e+00
   3.0000000e+00   3.0000000e+00   3.0000000e+00   3.0000000e+00
   0.0000000e+00   0.0000000e+00   0.0000000e+00   0.0000000e+00
   2.6666667e+00   2.6666667e+00   2.6666667e+00   2.6666667e+00
   0.0000000e+00   0.0000000e+00   0.0000000e+00   0.0000000e+00
   0.0000000e+00   0.0000000e+00   0.0000000e+00   0.0000000e+00
   2.0000000e-01   2.0000000e-01   2.0000000e-01   2.0000000e-01
   1.3333333e-01   1.3333333e-01   1.3333333e-01   1.3333333e-01
   4.0000000e-01   4.0000000e-01   4.0000000e-01   4.0000000e-01
   1.5333333e+00   1.5333333e+00   1.5333333e+00   1.5333333e+00
   2.1333333e+00   2.1333333e+00   2.1333333e+00   2.1333333e+00
   0.0000000e+00   0.0000000e+00   0.0000000e+00   0.0000000e+00
   1.7333333e+00   1.7333333e+00   1.7333333e+00   1.7333333e+00
   1.8000000e+00   1.8000000e+00   1.8000000e+00   1.8000000e+00
   4.0666667e+00   4.0666667e+00   4.0666667e+00   4.0666667e+00
   1.7333333e+00   1.7333333e+00   1.7333333e+00   1.7333333e+00
   3.9333333e+00   3.9333333e+00   3.9333333e+00   3.9333333e+00
   0.0000000e+00   0.0000000e+00   0.0000000e+00   0.0000000e+00
   0.0000000e+00   0.0000000e+00   0.0000000e+00   0.0000000e+00
   3.1333333e+00   3.1333333e+00   3.1333333e+00   3.1333333e+00
   1.3333333e-01   1.3333333e-01   1.3333333e-01   1.3333333e-01
   0.0000000e+00   0.0000000e+00   0.0000000e+00   0.0000000e+00
   9.3333333e-01   9.3333333e-01   9.3333333e-01   9.3333333e-01
   8.6666667e-01   8.6666667e-01   8.6666667e-01   8.6666667e-01
   6.6666667e-02   6.6666667e-02   6.6666667e-02   6.6666667e-02
   0.0000000e+00   0.0000000e+00   0.0000000e+00   0.0000000e+00
   1.3333333e-01   1.3333333e-01   1.3333333e-01   1.3333333e-01
